0 0.14250000000000002 0.5915948275862069 0.055 0.2693965517241379
0 0.47750000000000004 0.6767241379310345 0.07833333333333334 0.11637931034482758
0 0.5083333333333334 0.6433189655172413 0.06666666666666667 0.10560344827586207
0 0.6808333333333334 0.6810344827586207 0.065 0.125
0 0.8466666666666667 0.6713362068965517 0.07333333333333333 0.1314655172413793
0 0.4141666666666667 0.6454741379310345 0.058333333333333334 0.08405172413793104
0 0.2841666666666667 0.36530172413793105 0.011666666666666667 0.032327586206896554
0 0.30000000000000004 0.3599137931034483 0.013333333333333334 0.030172413793103446
0 0.43833333333333335 0.4267241379310345 0.016666666666666666 0.030172413793103446
0 0.45 0.4245689655172414 0.01 0.021551724137931036
