0 0.216 0.5451895043731778 0.156 0.5422740524781341
0 0.686 0.6647230320699709 0.368 0.5889212827988338
0 0.403 0.4620991253644315 0.066 0.27113702623906705
0 0.764 0.40233236151603496 0.024 0.1107871720116618
0 0.88 0.4008746355685131 0.028 0.10787172011661808
0 0.932 0.4037900874635568 0.08 0.19533527696793002
0 0.861 0.42857142857142855 0.018000000000000002 0.08163265306122448
0 0.49 0.3965014577259475 0.06 0.18075801749271136
0 0.56 0.39067055393586003 0.044 0.15160349854227406
0 0.8270000000000001 0.4067055393586006 0.022 0.10204081632653061
0 0.784 0.3979591836734694 0.028 0.14868804664723032
0 0.135 0.3935860058309038 0.046 0.1282798833819242
0 0.511 0.40816326530612246 0.018000000000000002 0.10495626822157435
0 0.434 0.4052478134110787 0.764 0.18658892128279883
