0 0.5750000000000001 0.5480093676814989 0.096875 0.4496487119437939
0 0.8070312500000001 0.5608899297423887 0.0765625 0.4332552693208431
0 0.25859375 0.7131147540983607 0.1328125 0.405152224824356
0 0.8656250000000001 0.5 0.07187500000000001 0.13348946135831383
0 0.8640625000000001 0.4203747072599532 0.037500000000000006 0.10070257611241218
0 0.9359375000000001 0.509367681498829 0.078125 0.11007025761124122
0 0.8625 0.36416861826697894 0.021875000000000002 0.08196721311475409
0 0.37578125 0.5409836065573771 0.07968750000000001 0.05620608899297424
0 0.48828125 0.46252927400468385 0.0421875 0.07728337236533958
0 0.9203125000000001 0.3758782201405152 0.009375000000000001 0.03044496487119438
0 0.37734375000000003 0.9297423887587822 0.1859375 0.1358313817330211
0 0.51796875 0.44379391100702575 0.0234375 0.08665105386416862
0 0.9773437500000001 0.40749414519906324 0.010937500000000001 0.06088992974238876
0 0.48046875 0.5351288056206089 0.8234375 0.28337236533957844
