0 0.5320312500000001 0.4344262295081967 0.1703125 0.7845433255269321
0 0.8367187500000001 0.4344262295081967 0.1046875 0.6768149882903981
0 0.6804687500000001 0.468384074941452 0.15156250000000002 0.7166276346604216
0 0.925 0.45901639344262296 0.14375000000000002 0.7822014051522248
0 0.25078125 0.297423887587822 0.1765625 0.3840749414519906
0 0.7796875000000001 0.35714285714285715 0.0625 0.37236533957845436
0 0.721875 0.23653395784543327 0.09375 0.22950819672131148
0 0.45156250000000003 0.3477751756440281 0.1375 0.5690866510538641
0 0.2078125 0.1756440281030445 0.040625 0.05620608899297424
0 0.07968750000000001 0.2939110070257611 0.034375 0.12412177985948478
0 0.10390625 0.2892271662763466 0.035937500000000004 0.13348946135831383
0 0.7265625 0.19672131147540983 0.025 0.02810304449648712
