0 0.5046948356807511 0.50546875 0.13145539906103287 0.1703125
0 0.2312206572769953 0.56171875 0.0539906103286385 0.1015625
0 0.1807511737089202 0.58046875 0.046948356807511735 0.0765625
0 0.14788732394366197 0.5710937500000001 0.028169014084507043 0.045312500000000006
0 0.4354460093896714 0.55234375 0.03051643192488263 0.045312500000000006
0 0.41431924882629106 0.5554687500000001 0.03051643192488263 0.045312500000000006
0 0.3826291079812207 0.5625 0.023474178403755867 0.028125
0 0.08685446009389672 0.5984375000000001 0.04225352112676056 0.040625
0 0.10328638497652583 0.57265625 0.028169014084507043 0.0421875
0 0.20774647887323944 0.565625 0.02112676056338028 0.040625
0 0.2746478873239437 0.5710937500000001 0.014084507042253521 0.0203125
0 0.29694835680751175 0.56640625 0.011737089201877934 0.0203125
0 0.07629107981220658 0.56953125 0.025821596244131457 0.0234375
0 0.8814553990610329 0.50390625 0.03990610328638498 0.0546875
