0 0.6117187500000001 0.7698598130841121 0.0140625 0.03037383177570093
0 0.53359375 0.7511682242990654 0.010937500000000001 0.03037383177570093
0 0.5234375 0.7499999999999999 0.009375000000000001 0.03271028037383177
0 0.63671875 0.772196261682243 0.0234375 0.03037383177570093
0 0.8773437500000001 0.7605140186915887 0.010937500000000001 0.04439252336448598
0 0.84296875 0.7511682242990654 0.0078125 0.035046728971962614
2 0.44062500000000004 0.7313084112149533 0.015625 0.014018691588785045
2 0.4921875 0.741822429906542 0.015625 0.011682242990654205
2 0.465625 0.7406542056074766 0.0125 0.009345794392523364
2 0.41328125000000004 0.755841121495327 0.029687500000000002 0.016355140186915886
0 0.43281250000000004 0.7745327102803737 0.0125 0.03037383177570093
0 0.8523437500000001 0.7570093457943925 0.0078125 0.037383177570093455
0 0.9171875 0.7593457943925233 0.00625 0.02336448598130841
0 0.3921875 0.7628504672897196 0.009375000000000001 0.053738317757009345
0 0.36875 0.7616822429906541 0.0125 0.05607476635514018
0 0.34765625 0.7605140186915887 0.010937500000000001 0.0630841121495327
0 0.51953125 0.7616822429906541 0.7171875000000001 0.0794392523364486
