0 0.48203125 0.7552693208430913 0.1765625 0.3770491803278688
0 0.2671875 0.832552693208431 0.203125 0.25995316159250587
0 0.1171875 0.7950819672131147 0.15937500000000002 0.33489461358313816
0 0.13984375000000002 0.49765807962529274 0.045312500000000006 0.1053864168618267
0 0.40703125 0.4894613583138173 0.045312500000000006 0.117096018735363
0 0.32343750000000004 0.5199063231850117 0.046875 0.06557377049180328
0 0.2546875 0.49882903981264637 0.05 0.09836065573770492
0 0.02421875 0.6065573770491803 0.051562500000000004 0.18266978922716628
0 0.8656250000000001 0.5163934426229508 0.034375 0.04918032786885246
0 0.06328125 0.6217798594847775 0.0671875 0.13817330210772832
0 0.28515625 0.5257611241217799 0.029687500000000002 0.0585480093676815
0 0.046875 0.5058548009367682 0.040625 0.10772833723653395
0 0.8109375000000001 0.5070257611241218 0.025 0.06791569086651054
0 0.49765625 0.40398126463700235 0.9984375000000001 0.8126463700234192
