1 0.20078125000000002 0.5214797136038186 0.1296875 0.11694510739856802
1 0.321875 0.48687350835322196 0.11875000000000001 0.10978520286396182
1 0.56015625 0.48687350835322196 0.1234375 0.10978520286396182
1 0.1125 0.5011933174224343 0.11875000000000001 0.10023866348448687
1 0.77734375 0.4832935560859189 0.1203125 0.13126491646778043
2 0.9031250000000001 0.7852028639618138 0.19062500000000002 0.42482100238663484
0 0.5593750000000001 0.4319809069212411 0.07500000000000001 0.16706443914081145
0 0.20390625 0.45584725536992843 0.0890625 0.18138424821002389
0 0.321875 0.43794749403341293 0.065625 0.14558472553699284
0 0.1203125 0.44868735083532224 0.078125 0.13842482100238665
0 0.7757812500000001 0.42840095465393796 0.06406250000000001 0.17422434367541767
