0 0.6541666666666667 0.81171875 0.05 0.0734375
0 0.7260416666666667 0.796875 0.027083333333333334 0.07187500000000001
0 0.765625 0.81640625 0.052083333333333336 0.1203125
0 0.8541666666666666 0.821875 0.05416666666666667 0.13125
0 0.8083333333333333 0.8304687500000001 0.041666666666666664 0.1015625
0 0.496875 0.7765625 0.010416666666666666 0.034375
0 0.375 0.78125 0.025 0.05625
0 0.34270833333333334 0.7796875000000001 0.03125 0.05625
0 0.09166666666666666 0.8296875 0.08333333333333333 0.1375
0 0.5510416666666667 0.7765625 0.027083333333333334 0.046875
0 0.5166666666666666 0.7765625 0.016666666666666666 0.040625
0 0.05 0.8546875 0.075 0.10312500000000001
