0 0.10859375 0.7625 0.22031250000000002 0.46249999999999997
0 0.8046875 0.8020833333333334 0.153125 0.39166666666666666
0 0.21250000000000002 0.6947916666666667 0.14375000000000002 0.35625
0 0.940625 0.690625 0.115625 0.2604166666666667
0 0.0734375 0.403125 0.021875000000000002 0.09375
0 0.3015625 0.640625 0.07500000000000001 0.09791666666666667
0 0.703125 0.5833333333333334 0.06875 0.1
0 0.63984375 0.5302083333333333 0.051562500000000004 0.05625
0 0.93671875 0.8833333333333333 0.1203125 0.225
0 0.50546875 0.578125 0.5765625 0.8104166666666667
0 0.8125 0.56875 0.0125 0.020833333333333332
0 0.8625 0.7104166666666667 0.115625 0.30416666666666664
