0 0.39921875 0.5805785123966942 0.1078125 0.384297520661157
0 0.26875 0.6012396694214877 0.07500000000000001 0.34297520661157027
0 0.7359375 0.5661157024793388 0.0625 0.3305785123966942
0 0.59140625 0.5723140495867769 0.0734375 0.2768595041322314
0 0.525 0.5702479338842975 0.0625 0.2727272727272727
0 0.48671875000000003 0.5712809917355373 0.051562500000000004 0.29545454545454547
0 0.321875 0.5764462809917356 0.06875 0.2809917355371901
0 0.74140625 0.36363636363636365 0.0671875 0.19421487603305787
0 0.46875 0.3202479338842975 0.10625000000000001 0.15702479338842976
0 0.45703125 0.5805785123966942 0.0484375 0.2809917355371901
0 0.70234375 0.2871900826446281 0.029687500000000002 0.05371900826446281
0 0.44921875 0.5278925619834711 0.0234375 0.15495867768595042
