1 0.9760416666666667 0.6078125000000001 0.04375 0.10312500000000001
1 0.22916666666666666 0.56953125 0.2708333333333333 0.2078125
1 0.7760416666666666 0.5484375 0.11041666666666666 0.08125
0 0.471875 0.5437500000000001 0.4270833333333333 0.665625
1 0.859375 0.55625 0.17291666666666666 0.10312500000000001
2 0.3927083333333333 0.5046875000000001 0.11041666666666666 0.15000000000000002
5 0.7052083333333333 0.496875 0.10208333333333333 0.20625000000000002
4 0.4010416666666667 0.43593750000000003 0.08958333333333333 0.018750000000000003
1 0.95 0.5867187500000001 0.0875 0.11093750000000001
1 0.26979166666666665 0.51328125 0.06875 0.0390625
None 0.5729166666666666 0.74140625 0.4708333333333333 0.5109375
