0 0.62421875 0.6345381526104417 0.0203125 0.09638554216867469
0 0.6039062500000001 0.6325301204819277 0.0234375 0.09638554216867469
0 0.52734375 0.6234939759036144 0.0328125 0.11044176706827308
0 0.5765625 0.6315261044176707 0.03125 0.09839357429718874
0 0.3484375 0.6084337349397589 0.015625 0.07630522088353413
0 0.3640625 0.6124497991967871 0.021875000000000002 0.08433734939759036
0 0.31328125 0.606425702811245 0.0203125 0.07228915662650602
0 0.06171875 0.6034136546184738 0.029687500000000002 0.07831325301204818
0 0.2921875 0.606425702811245 0.018750000000000003 0.07228915662650602
0 0.013281250000000001 0.5923694779116465 0.0171875 0.08835341365461846
0 0.045312500000000006 0.6004016064257027 0.018750000000000003 0.07630522088353413
0 0.0390625 0.5983935742971886 0.018750000000000003 0.0682730923694779
0 0.7171875000000001 0.642570281124498 0.025 0.08835341365461846
0 0.66328125 0.6345381526104417 0.2609375 0.11244979919678713
