0 0.6546875000000001 0.6354166666666666 0.12187500000000001 0.4
0 0.7992187500000001 0.41354166666666664 0.1265625 0.3104166666666667
0 0.55 0.3125 0.0625 0.30833333333333335
0 0.2421875 0.6041666666666666 0.13125 0.48333333333333334
0 0.24453125 0.36354166666666665 0.09843750000000001 0.20625
0 0.37031250000000004 0.36875 0.12812500000000002 0.19166666666666665
0 0.49531250000000004 0.390625 0.084375 0.20625
0 0.14453125 0.559375 0.15156250000000002 0.51875
0 0.38515625000000003 0.20833333333333334 0.0703125 0.23333333333333334
0 0.33906250000000004 0.21562499999999998 0.05 0.14791666666666667
0 0.5203125000000001 0.271875 0.021875000000000002 0.09375
0 0.43046875 0.278125 0.0484375 0.08958333333333333
0 0.12187500000000001 0.340625 0.0625 0.11458333333333333
