0 0.525 0.5703125 0.7333333333333333 0.83125
0 0.840625 0.45234375000000004 0.05625 0.11406250000000001
0 0.16875 0.534375 0.1125 0.18125000000000002
0 0.06145833333333333 0.59140625 0.11875 0.1421875
0 0.24270833333333333 0.50234375 0.05625 0.0671875
0 0.1125 0.5398437500000001 0.08333333333333333 0.11093750000000001
0 0.953125 0.51328125 0.08958333333333333 0.32343750000000004
0 0.36875 0.48515625 0.05 0.045312500000000006
0 0.37604166666666666 0.5359375000000001 0.04375 0.078125
0 0.2604166666666667 0.56796875 0.06666666666666667 0.07968750000000001
0 0.2708333333333333 0.51953125 0.09166666666666666 0.0890625
0 0.290625 0.5007812500000001 0.04791666666666666 0.0703125
0 0.334375 0.5640625 0.09791666666666667 0.115625
