0 0.6609375000000001 0.49166666666666664 0.675 0.9874999999999999
0 0.19609375 0.5572916666666666 0.3921875 0.5854166666666667
0 0.4859375 0.14270833333333333 0.2 0.28541666666666665
0 0.35859375000000004 0.09583333333333333 0.1078125 0.19583333333333333
0 0.28203125 0.09166666666666666 0.1265625 0.17916666666666667
0 0.1 0.17916666666666667 0.203125 0.3625
0 0.22734375 0.05520833333333333 0.0484375 0.11458333333333333
0 0.66015625 0.0875 0.0546875 0.175
0 0.42031250000000003 0.028125 0.021875000000000002 0.06041666666666667
0 0.584375 0.09479166666666666 0.125 0.19375
