2 0.48359375000000004 0.5897155361050328 0.1796875 0.09409190371991247
2 0.2265625 0.5284463894967177 0.10312500000000001 0.06345733041575492
2 0.034375 0.5043763676148796 0.07187500000000001 0.07221006564551422
0 0.66328125 0.5919037199124726 0.0328125 0.14660831509846828
0 0.16953125000000002 0.6925601750547046 0.0921875 0.3041575492341357
0 0.3046875 0.700218818380744 0.1 0.28884026258205686
0 0.70234375 0.5951859956236324 0.0390625 0.13566739606126915
0 0.7273437500000001 0.5962800875273523 0.0234375 0.11597374179431072
0 0.7578125 0.5962800875273523 0.03125 0.12035010940919037
0 0.9109375000000001 0.6039387308533917 0.025 0.1050328227571116
0 0.628125 0.5929978118161925 0.034375 0.12691466083150985
0 0.7640625000000001 0.5787746170678337 0.025 0.10722100656455141
0 0.39921875 0.5361050328227571 0.0203125 0.03938730853391685
0 0.04296875 0.3336980306345733 0.0171875 0.06783369803063458
0 0.2328125 0.324945295404814 0.015625 0.05908096280087527
2 0.46015625000000004 0.5634573304157549 0.1703125 0.08971553610503281
2 0.3375 0.5536105032822757 0.078125 0.048140043763676144
0 0.6171875 0.6345733041575492 0.040625 0.05689277899343545
2 0.36875 0.5831509846827133 0.028125 0.04157549234135667
0 0.51484375 0.5317286652078774 0.8484375000000001 0.25820568927789933
