0 0.6527777777777778 0.4803921568627451 0.22712418300653595 0.8496732026143791
0 0.3464052287581699 0.2434640522875817 0.08169934640522876 0.238562091503268
0 0.2434640522875817 0.22549019607843138 0.05228758169934641 0.17320261437908496
0 0.19362745098039216 0.19934640522875818 0.057189542483660136 0.19934640522875818
0 0.2916666666666667 0.23366013071895425 0.04738562091503268 0.14052287581699346
0 0.04330065359477124 0.32598039215686275 0.05392156862745098 0.29901960784313725
1 0.9142156862745099 0.2173202614379085 0.10620915032679738 0.09477124183006536
0 0.7614379084967321 0.25653594771241833 0.058823529411764705 0.22875816993464054
1 0.42647058823529416 0.23447712418300654 0.11111111111111112 0.09313725490196079
0 0.6119281045751634 0.22549019607843138 0.07026143790849673 0.10784313725490197
