0 0.8640625000000001 0.6166666666666667 0.18125000000000002 0.7625
0 0.92578125 0.38125 0.0703125 0.24583333333333332
0 0.7921875 0.43333333333333335 0.03125 0.13333333333333333
0 0.6664062500000001 0.5104166666666666 0.1328125 0.5166666666666666
0 0.5398437500000001 0.4822916666666667 0.1484375 0.48125
0 0.125 0.7166666666666667 0.253125 0.5583333333333333
0 0.1125 0.37604166666666666 0.078125 0.18125
0 0.20078125000000002 0.36041666666666666 0.035937500000000004 0.12083333333333333
0 0.38046875 0.578125 0.21406250000000002 0.7895833333333333
0 0.2734375 0.43854166666666666 0.096875 0.36041666666666666
0 0.63046875 0.3125 0.0328125 0.1
0 0.5750000000000001 0.28854166666666664 0.03125 0.04791666666666666
