1 0.09375 0.5739583333333333 0.040625 0.035416666666666666
0 0.4390625 0.6072916666666667 0.0625 0.18541666666666667
1 0.04609375 0.578125 0.0390625 0.03125
0 0.15625 0.5989583333333334 0.059375000000000004 0.13541666666666666
0 0.4 0.5520833333333334 0.018750000000000003 0.05416666666666667
0 0.34375 0.553125 0.015625 0.04791666666666666
0 0.7054687500000001 0.546875 0.0203125 0.07291666666666667
0 0.7953125000000001 0.5395833333333333 0.018750000000000003 0.06666666666666667
0 0.6156250000000001 0.553125 0.018750000000000003 0.04375
0 0.025 0.5729166666666666 0.034375 0.075
1 0.98828125 0.5614583333333333 0.0171875 0.01875
