4 0.707 0.872994652406417 0.058 0.040106951871657755
2 0.562 0.9465240641711229 0.028 0.0160427807486631
2 0.505 0.9652406417112299 0.026000000000000002 0.0160427807486631
2 0.47800000000000004 0.9745989304812833 0.024 0.01871657754010695
2 0.44 0.9826203208556149 0.024 0.01871657754010695
2 0.763 0.8810160427807486 0.022 0.013368983957219251
2 0.593 0.9371657754010695 0.026000000000000002 0.01871657754010695
2 0.72 0.8957219251336898 0.024 0.0106951871657754
2 0.671 0.9090909090909091 0.022 0.0160427807486631
2 0.648 0.9197860962566844 0.02 0.0160427807486631
2 0.621 0.9291443850267379 0.026000000000000002 0.01871657754010695
2 0.534 0.9572192513368983 0.028 0.0160427807486631
2 0.405 0.9933155080213903 0.038 0.00802139037433155
2 0.6940000000000001 0.9037433155080213 0.02 0.0160427807486631
4 0.914 0.8221925133689839 0.04 0.029411764705882353
4 0.9 0.8101604278074865 0.036000000000000004 0.0320855614973262
2 0.706 0.8890374331550802 0.096 0.029411764705882353
