4 0.5015625 0.5246478873239436 0.9281250000000001 0.43896713615023475
0 0.65 0.5962441314553991 0.05625 0.1643192488262911
0 0.62421875 0.5093896713615024 0.051562500000000004 0.07511737089201878
0 0.32343750000000004 0.4178403755868545 0.021875000000000002 0.07511737089201878
0 0.58046875 0.511737089201878 0.035937500000000004 0.07511737089201878
0 0.60546875 0.6255868544600939 0.0328125 0.11502347417840376
0 0.59765625 0.4119718309859155 0.0203125 0.09154929577464789
0 0.58046875 0.6502347417840376 0.035937500000000004 0.06103286384976526
0 0.640625 0.38967136150234744 0.0125 0.03755868544600939
0 0.5437500000000001 0.5622065727699531 0.03125 0.08215962441314555
0 0.55390625 0.653755868544601 0.0328125 0.06338028169014084
0 0.68515625 0.4154929577464789 0.029687500000000002 0.0892018779342723
0 0.5015625 0.6115023474178404 0.05625 0.1431924882629108
0 0.6171875 0.5774647887323944 0.03125 0.09859154929577466
0 0.46796875000000004 0.528169014084507 0.4421875 0.3380281690140845
