0 0.52109375 0.36666666666666664 0.5234375 0.7291666666666666
0 0.6875 0.234375 0.25 0.47291666666666665
0 0.453125 0.5135416666666667 0.16562500000000002 0.38958333333333334
0 0.6578125 0.3989583333333333 0.084375 0.13125
0 0.7976562500000001 0.46770833333333334 0.1234375 0.22291666666666665
0 0.9484375 0.3572916666666667 0.07187500000000001 0.09791666666666667
0 0.56015625 0.3177083333333333 0.09531250000000001 0.41875
0 0.8695312500000001 0.5552083333333333 0.2578125 0.34791666666666665
0 0.1796875 0.5833333333333334 0.25 0.375
0 0.95859375 0.165625 0.0734375 0.30625
0 0.90625 0.5927083333333333 0.184375 0.11458333333333333
