2 0.75 0.5223004694835681 0.043750000000000004 0.035211267605633804
2 0.83359375 0.5352112676056339 0.0390625 0.028169014084507043
2 0.6984375 0.5176056338028169 0.037500000000000006 0.02112676056338028
2 0.93515625 0.5563380281690141 0.0421875 0.03286384976525822
2 0.79296875 0.5352112676056339 0.035937500000000004 0.028169014084507043
2 0.95078125 0.511737089201878 0.026562500000000003 0.014084507042253521
5 0.5375 0.46009389671361506 0.037500000000000006 0.023474178403755867
5 0.5828125000000001 0.46830985915492956 0.037500000000000006 0.01643192488262911
2 0.98046875 0.5692488262910799 0.035937500000000004 0.03051643192488263
2 0.765625 0.528169014084507 0.037500000000000006 0.028169014084507043
2 0.6156250000000001 0.47300469483568075 0.025 0.011737089201877934
2 0.5859375 0.4671361502347418 0.03125 0.018779342723004695
2 0.5578125 0.46830985915492956 0.03125 0.011737089201877934
2 0.7937500000000001 0.5187793427230047 0.03125 0.014084507042253521
2 0.73203125 0.5199530516431925 0.029687500000000002 0.025821596244131457
