2 0.275 0.8694117647058823 0.015625 0.021176470588235293
2 0.96015625 0.7376470588235293 0.0140625 0.025882352941176467
2 0.26328125 0.936470588235294 0.0234375 0.023529411764705882
2 0.34687500000000004 0.7835294117647058 0.015625 0.023529411764705882
5 0.15156250000000002 0.8717647058823529 0.034375 0.0588235294117647
2 0.1203125 0.9588235294117646 0.021875000000000002 0.021176470588235293
2 0.1546875 0.9305882352941176 0.018750000000000003 0.025882352941176467
2 0.21015625000000002 0.8835294117647058 0.0140625 0.021176470588235293
2 0.1953125 0.8658823529411764 0.015625 0.023529411764705882
2 0.30859375 0.8741176470588234 0.0140625 0.021176470588235293
2 0.48828125 0.4729411764705882 0.0078125 0.014117647058823528
2 0.08515625 0.4552941176470588 0.010937500000000001 0.016470588235294115
2 0.34765625 0.8317647058823529 0.0171875 0.030588235294117645
4 0.6671875 0.488235294117647 0.037500000000000006 0.025882352941176467
5 0.52109375 0.4658823529411764 0.0171875 0.03294117647058823
2 0.4578125 0.4305882352941176 0.009375000000000001 0.009411764705882352
4 0.7156250000000001 0.9270588235294117 0.021875000000000002 0.047058823529411764
5 0.153125 0.9317647058823528 0.018750000000000003 0.023529411764705882
2 0.30859375 0.3458823529411764 0.6203125 0.2588235294117647
