0 0.5717391304347826 0.7679687500000001 0.06956521739130435 0.16718750000000002
0 0.6152173913043478 0.7093750000000001 0.043478260869565216 0.065625
0 0.5010869565217392 0.76171875 0.07608695652173914 0.1796875
0 0.3076086956521739 0.76171875 0.06304347826086956 0.1703125
0 0.425 0.75390625 0.07608695652173914 0.1609375
0 0.21630434782608696 0.7578125 0.058695652173913045 0.15000000000000002
0 0.7369565217391304 0.6921875000000001 0.04782608695652174 0.046875
0 0.07282608695652174 0.7562500000000001 0.06304347826086956 0.16562500000000002
0 0.3967391304347826 0.7835937500000001 0.08043478260869566 0.18906250000000002
0 0.2619565217391304 0.7312500000000001 0.05 0.115625
0 0.35978260869565215 0.7914062500000001 0.09782608695652174 0.2578125
