0 0.59296875 0.17201834862385323 0.026562500000000003 0.12385321100917432
0 0.44296875 0.16284403669724773 0.0421875 0.16972477064220184
0 0.34218750000000003 0.16743119266055045 0.034375 0.14220183486238533
0 0.12890625 0.46788990825688076 0.029687500000000002 0.22018348623853212
0 0.84921875 0.7431192660550459 0.045312500000000006 0.24770642201834864
0 0.90546875 0.8165137614678899 0.0421875 0.1743119266055046
0 0.94453125 0.8096330275229359 0.0421875 0.21559633027522937
0 0.8773437500000001 0.12385321100917432 0.0203125 0.045871559633027525
0 0.85703125 0.15137614678899083 0.0140625 0.11926605504587157
0 0.93671875 0.05504587155963303 0.0140625 0.045871559633027525
0 0.4265625 0.08486238532110092 0.028125 0.12385321100917432
0 0.8953125000000001 0.1834862385321101 0.018750000000000003 0.11009174311926606
0 0.91015625 0.19724770642201836 0.010937500000000001 0.11009174311926606
0 0.8617187500000001 0.16284403669724773 0.2703125 0.3348623853211009
