0 0.52109375 0.6112068965517241 0.6765625000000001 0.75
0 0.060937500000000006 0.5956896551724138 0.125 0.4810344827586207
0 0.18281250000000002 0.6405172413793103 0.12812500000000002 0.35344827586206895
0 0.9007812500000001 0.6706896551724137 0.1953125 0.6551724137931034
0 0.19765625 0.4387931034482759 0.060937500000000006 0.08103448275862069
0 0.28125 0.5051724137931034 0.12812500000000002 0.1896551724137931
0 0.66796875 0.4241379310344828 0.051562500000000004 0.18275862068965518
0 0.7015625000000001 0.4508620689655172 0.06875 0.19482758620689655
0 0.29453125 0.628448275862069 0.09531250000000001 0.11551724137931034
0 0.12109375 0.47672413793103446 0.0765625 0.2189655172413793
0 0.753125 0.5112068965517241 0.109375 0.15344827586206897
