5 0.5476562500000001 0.703125 0.3203125 0.25625
5 0.89453125 0.6979166666666666 0.20468750000000002 0.13333333333333333
0 0.27187500000000003 0.8572916666666667 0.1125 0.28125
0 0.38984375000000004 0.7604166666666666 0.045312500000000006 0.16666666666666666
0 0.3453125 0.7520833333333333 0.034375 0.125
0 0.4234375 0.7614583333333333 0.025 0.15208333333333332
0 0.47265625 0.7802083333333333 0.051562500000000004 0.16041666666666665
0 0.9007812500000001 0.7239583333333334 0.0234375 0.08958333333333333
0 0.2015625 0.7135416666666666 0.015625 0.07708333333333334
0 0.5078125 0.7708333333333334 0.03125 0.15416666666666667
0 0.134375 0.7270833333333333 0.03125 0.1
0 0.22578125000000002 0.715625 0.0234375 0.08125
0 0.36171875000000003 0.7510416666666666 0.0234375 0.14375
0 0.31171875000000004 0.7270833333333333 0.0328125 0.08333333333333333
5 0.90390625 0.834375 0.18906250000000002 0.32708333333333334
5 0.19453125000000002 0.6864583333333333 0.22031250000000002 0.12291666666666666
5 0.75703125 0.6791666666666667 0.0390625 0.029166666666666667
0 0.8484375000000001 0.7229166666666667 0.021875000000000002 0.08333333333333333
0 0.5007812500000001 0.8104166666666667 0.9546875 0.37083333333333335
