0 0.1375 0.584375 0.040625 0.13958333333333334
0 0.06484375 0.5760416666666667 0.0328125 0.13125
0 0.20859375000000002 0.4666666666666667 0.026562500000000003 0.04583333333333333
0 0.53515625 0.4114583333333333 0.026562500000000003 0.11041666666666666
0 0.503125 0.4145833333333333 0.03125 0.1125
0 0.2578125 0.484375 0.037500000000000006 0.07708333333333334
0 0.22421875000000002 0.48854166666666665 0.026562500000000003 0.07291666666666667
0 0.11328125 0.5802083333333333 0.0328125 0.13958333333333334
0 0.640625 0.4041666666666667 0.028125 0.10833333333333334
0 0.6265625 0.6760416666666667 0.109375 0.13958333333333334
0 0.1078125 0.46458333333333335 0.025 0.09166666666666666
0 0.640625 0.44166666666666665 0.009375000000000001 0.020833333333333332
0 0.35546875 0.4583333333333333 0.0140625 0.041666666666666664
0 0.3453125 0.40520833333333334 0.64375 0.23124999999999998
