2 0.7523437500000001 0.44158878504672894 0.0140625 0.014018691588785045
2 0.7039062500000001 0.43107476635514014 0.0171875 0.016355140186915886
2 0.68671875 0.43224299065420557 0.0171875 0.018691588785046728
2 0.6570312500000001 0.42990654205607476 0.0203125 0.018691588785046728
2 0.43046875 0.4450934579439252 0.0203125 0.016355140186915886
2 0.45703125 0.433411214953271 0.0140625 0.011682242990654205
2 0.4 0.42990654205607476 0.021875000000000002 0.014018691588785045
2 0.5546875 0.43107476635514014 0.018750000000000003 0.016355140186915886
2 0.41953125 0.4532710280373831 0.0140625 0.018691588785046728
2 0.37343750000000003 0.4532710280373831 0.018750000000000003 0.018691588785046728
2 0.5859375 0.43107476635514014 0.015625 0.016355140186915886
2 0.58203125 0.4357476635514018 0.4765625 0.035046728971962614
