0 0.5802083333333333 0.37812500000000004 0.4770833333333333 0.42500000000000004
0 0.38125 0.21015625000000002 0.1125 0.1703125
0 0.190625 0.3359375 0.11875 0.05625
0 0.3208333333333333 0.29375 0.08333333333333333 0.12812500000000002
0 0.5989583333333334 0.17343750000000002 0.07708333333333334 0.12812500000000002
0 0.9270833333333334 0.29140625000000003 0.09166666666666666 0.1546875
0 0.6708333333333333 0.375 0.15833333333333333 0.371875
0 0.790625 0.2890625 0.07708333333333334 0.153125
0 0.19479166666666667 0.2625 0.06041666666666667 0.10312500000000001
0 0.15208333333333332 0.26328125 0.0375 0.09843750000000001
0 0.46458333333333335 0.20859375000000002 0.041666666666666664 0.045312500000000006
0 0.016666666666666666 0.28515625 0.0375 0.1453125
