2 0.890625 0.3391752577319588 0.09062500000000001 0.06804123711340207
2 0.96796875 0.37422680412371134 0.0578125 0.06391752577319587
2 0.8210937500000001 0.3268041237113402 0.051562500000000004 0.04742268041237113
2 0.7781250000000001 0.3154639175257732 0.059375000000000004 0.04536082474226804
2 0.9500000000000001 0.36494845360824746 0.084375 0.053608247422680416
2 0.93671875 0.35360824742268043 0.08281250000000001 0.051546391752577324
2 0.83984375 0.33814432989690724 0.026562500000000003 0.061855670103092786
2 0.240625 0.2804123711340206 0.046875 0.04536082474226804
2 0.8296875 0.3309278350515464 0.028125 0.04742268041237113
2 0.7585937500000001 0.3082474226804124 0.051562500000000004 0.04329896907216495
2 0.80234375 0.31855670103092787 0.0546875 0.04329896907216495
0 0.634375 0.5484536082474227 0.03125 0.03711340206185567
