1 0.19843750000000002 0.6214953271028036 0.040625 0.14018691588785046
1 0.89453125 0.6413551401869159 0.026562500000000003 0.04906542056074766
4 0.54609375 0.49766355140186913 0.6515625 0.5327102803738317
0 0.91015625 0.5572429906542056 0.0171875 0.03037383177570093
0 0.89453125 0.5992990654205607 0.026562500000000003 0.08177570093457943
0 0.9375 0.5560747663551402 0.015625 0.03271028037383177
0 0.87109375 0.5642523364485981 0.010937500000000001 0.053738317757009345
0 0.72578125 0.5537383177570093 0.0078125 0.06074766355140186
0 0.95078125 0.5549065420560747 0.010937500000000001 0.035046728971962614
0 0.0625 0.5081775700934579 0.046875 0.053738317757009345
0 0.01953125 0.5128504672897196 0.0328125 0.053738317757009345
0 0.003125 0.5338785046728971 0.009375000000000001 0.04439252336448598
